232.9808
error
0.5 0.281294
1.0 0.83614275
2.0 2.18130251909882
3.0 0.6326912
4.0 0.00782322548258173
5.0 6.80627202468943
1.5 0.399424
7.0 0.2597488
8.0 0.955081
9.0 0.926313
10.0 0.455613
11.0 0.17452075
12.0 1.1553979204462
13.0 6.13213756918476
14.0 8.78512427043226
15.0 15.0061976434177
16.0 17.6055621848203
4.5 1.20159169104805
18.0 29.4835795708776
19.0 25.6190392336189
11.5 0.387154322260057
21.0 22.1929872304939
22.0 13.1839580009512
23.0 10.5252862568846
12.5 3.30872489153275
5.5 3.36940621140433
26.0 2.30355842060095
27.0 1.09171372062942
13.5 15.4222326666667
8.5 0.65673475
9.5 3.98869675
6.0 1.08017190108865
28.0 0.218804
24.0 8.83045418931187
2.5 0.897834068149912
3.5 1.0145532727575
10.5 1.41544475
17.0 26.5584683542588
25.0 6.64133399271266
20.0 17.2956633754281
7.5 1.1689205
6.5 0.315471441406108
knots
0.00000000
0.00000000
0.00000000
0.00000000
0.01818182
0.03636364
0.09090909
0.23636364
0.25454545
0.27272727
0.29090909
0.30909091
0.32727273
0.34545455
0.36363636
0.38181818
0.47272727
1.00000000
1.00000000
1.00000000
1.00000000
